V,I,P,R,T,mAH,WH
41.602,0,0,0,24,0,0
41.602,0,0,0,24,0,0
41.602,0,0,0,24,0,0
41.602,0,0,0,24,0,0
41.602,0,0,0,24,0,0
41.602,0,0,0,24,0,0
41.602,0,0,0,24,0,0
41.602,0,0,0,24,0,0
41.602,0,0,0,24,0,0
41.602,0,0,0,24,0,0
41.602,0,0,0,24,0,0
41.602,0,0,0,24,0,0
39.522,7.46,294.8,5.3,24,16.18,0.64067
39.389,7.46,293.8,5.28,24,36.48,1.44177
39.275,7.45,292.6,5.27,24,57.21,2.25694
39.196,7.45,292,5.26,24,77.92,3.06933
39.118,7.45,291.4,5.25,24,98.21,3.86389
39.06,7.45,291,5.24,24,119.74,4.70567
38.996,7.45,290.5,5.23,24,140.48,5.51483
38.949,7.45,290.2,5.23,24,161.18,6.32158
38.896,7.45,289.8,5.22,24,181.9,7.12778
38.853,7.45,289.5,5.22,24,202.59,7.93236
38.807,7.45,289.1,5.21,24,223.3,8.73641
38.768,7.45,288.8,5.2,24,243.99,9.53903
38.728,7.45,288.5,5.2,24,264.7,10.34132
38.684,7.45,288.2,5.19,24,285.41,11.14298
38.648,7.45,287.9,5.19,24,306.11,11.9432
38.608,7.45,287.6,5.18,24,326.8,12.74254
38.573,7.45,287.4,5.18,24,347.51,13.54174
38.529,7.45,287,5.17,24,368.21,14.33945
38.495,7.45,286.8,5.17,24,388.9,15.13645
38.457,7.45,286.5,5.16,24,409.65,15.93471
38.423,7.45,286.3,5.16,24,430.37,16.7311
38.386,7.45,286,5.15,24,450.65,17.50991
38.353,7.45,285.7,5.15,24,471.34,18.30406
38.316,7.45,285.5,5.14,24,492.05,19.09788
38.284,7.45,285.2,5.14,24,512.78,19.89169
38.249,7.45,285,5.13,24,533.47,20.68364
38.212,7.45,284.7,5.13,24,554.17,21.47484
38.181,7.45,284.4,5.12,24,574.87,22.26535
38.145,7.45,284.2,5.12,24,595.61,23.05689
38.114,7.45,283.9,5.12,24,616.33,23.84711
38.082,7.45,283.7,5.11,24,636.65,24.62125
38.044,7.45,283.4,5.11,24,657.34,25.4088
38.008,7.45,283.2,5.1,24.4,678.04,26.1957
37.979,7.45,282.9,5.1,24.9,698.81,26.98484
37.943,7.45,282.7,5.09,25,719.5,27.77041
37.914,7.45,282.5,5.09,25,740.64,28.57231
37.88,7.45,282.2,5.08,25,761.34,29.35653
37.85,7.45,282,5.08,24.9,782.08,30.14179
37.831,7.45,281.8,5.08,24.8,802.37,30.90947
37.789,7.45,281.5,5.07,24.5,823.07,31.69191
37.756,7.45,281.3,5.07,24.3,843.76,32.47376
37.726,7.45,281.1,5.06,24.1,864.47,33.25526
37.693,7.45,280.8,5.06,24,885.18,34.03612
37.658,7.45,280.6,5.05,24,906.29,34.83138
37.63,7.45,280.3,5.05,24.1,927.03,35.61209
37.602,7.45,280.1,5.05,24.2,947.31,36.37512
37.569,7.45,279.9,5.04,24.3,968.08,37.15557
37.536,7.45,279.6,5.04,24.2,988.81,37.93422
37.507,7.45,279.4,5.03,24.2,1009.17,38.69798
37.479,7.45,279.2,5.03,24.3,1029.9,39.47536
37.446,7.45,279,5.03,24.3,1050.65,40.25253
37.419,7.45,278.8,5.02,24.3,1071.83,41.04546
37.387,7.45,278.5,5.02,24.4,1092.53,41.81948
37.354,7.45,278.3,5.01,24.4,1112.81,42.57732
37.327,7.45,278.1,5.01,24.5,1133.57,43.35245
37.294,7.45,277.8,5.01,24.5,1154.33,44.127
37.267,7.45,277.6,5,24.4,1175.46,44.91502
37.235,7.45,277.4,5,24.5,1195.38,45.65689
37.208,7.45,277.2,4.99,24.6,1216.54,46.4444
37.177,7.45,277,4.99,24.6,1237.25,47.21479
37.15,7.45,276.8,4.99,24.6,1257.53,47.9684
37.118,7.45,276.5,4.98,24.6,1278.26,48.73806
37.091,7.45,276.3,4.98,24.6,1299.38,49.5219
37.06,7.45,276.1,4.97,24.7,1320.14,50.29128
37.029,7.45,275.9,4.97,24.7,1340.86,51.05899
37.003,7.45,275.7,4.97,24.7,1361.16,51.81061
36.973,7.45,275.4,4.96,24.7,1381.92,52.57848
36.946,7.45,275.2,4.96,24.7,1402.7,53.3462
36.915,7.45,275,4.96,24.8,1423.86,54.12766
36.889,7.45,274.8,4.95,24.7,1444.55,54.89131
36.858,7.45,274.6,4.95,24.7,1464.84,55.63947
36.832,7.45,274.4,4.94,24.8,1485.55,56.40229
36.801,7.45,274.2,4.94,24.8,1505.85,57.14992
36.775,7.45,274,4.94,24.8,1526.55,57.91125
36.745,7.45,273.8,4.93,24.9,1547.66,58.68726
36.718,7.45,273.5,4.93,24.9,1568.36,59.44749
36.688,7.45,273.3,4.92,24.9,1588.68,60.19341
36.661,7.45,273.1,4.92,25,1609.38,60.95255
36.633,7.45,272.9,4.92,25,1630.52,61.72726
36.603,7.45,272.7,4.91,25,1651.26,62.48662
36.577,7.45,272.5,4.91,25,1671.56,63.22971
36.547,7.45,272.3,4.91,25,1692.28,63.98727
36.521,7.45,272.1,4.9,25,1713.41,64.75901
36.491,7.45,271.9,4.9,25,1734.12,65.51531
36.466,7.45,271.7,4.89,25,1754.88,66.27238
36.436,7.45,271.4,4.89,25,1775.61,67.02824
36.411,7.45,271.3,4.89,25,1795.9,67.76694
36.38,7.45,271,4.88,25,1816.62,68.52123
36.355,7.45,270.8,4.88,25,1836.94,69.2601
36.326,7.45,270.6,4.88,25,1857.74,70.01603
36.3,7.45,270.4,4.87,25,1878.44,70.76796
36.279,7.45,270.3,4.87,25,1899.15,71.51927
36.242,7.45,270,4.86,25,1919.93,72.27282
36.217,7.45,269.8,4.86,25,1941.1,73.03961
36.188,7.45,269.6,4.86,25,1961.82,73.7897
36.162,7.45,269.4,4.85,25,1982.11,74.52371
36.133,7.45,269.2,4.85,25,2002.86,75.27379
36.109,7.45,269,4.85,25,2023.97,76.03642
36.083,7.45,268.8,4.84,25,2043.89,76.75536
36.054,7.45,268.6,4.84,25,2064.6,77.50217
36.025,7.45,268.4,4.84,25,2085.33,78.2494
36,7.45,268.2,4.83,25,2106.48,79.01118
35.972,7.45,268,4.83,25,2127.23,79.75765
35.947,7.45,267.8,4.83,25,2147.51,80.487
35.918,7.45,267.6,4.82,25,2168.23,81.23177
35.896,7.45,267.4,4.82,25,2189.34,81.98975
35.867,7.45,267.2,4.81,25,2210.05,82.73275
35.839,7.45,267,4.81,25,2230.77,83.47558
35.814,7.45,266.8,4.81,25,2251.07,84.20284
35.79,7.45,266.6,4.8,25,2271.82,84.94575
35.762,7.45,266.4,4.8,25,2292.98,85.70255
35.733,7.45,266.2,4.8,25,2313.7,86.44339
35.71,7.45,266,4.79,25,2334.41,87.18333
35.686,7.45,265.9,4.79,25,2354.72,87.90813
35.658,7.45,265.7,4.79,25,2375.42,88.64674
35.635,7.45,265.5,4.78,25,2395.77,89.37197
35.608,7.45,265.3,4.78,25,2416.47,90.10944
35.584,7.45,265.1,4.78,25,2437.21,90.84766
35.557,7.45,264.9,4.77,25,2458.34,91.59932
35.53,7.45,264.7,4.77,25,2479.11,92.33755
35.507,7.45,264.5,4.77,25,2499.84,93.0738
35.481,7.45,264.3,4.76,25,2520.12,93.79364
35.458,7.45,264.2,4.76,25,2541.26,94.54357
35.432,7.45,264,4.76,25,2561.96,95.27699
35.41,7.45,263.8,4.75,25,2582.7,96.01171
35.383,7.45,263.6,4.75,25,2602.98,96.72954
35.36,7.45,263.4,4.75,25,2623.76,97.46453
35.334,7.45,263.2,4.74,25,2644.05,98.18177
35.312,7.45,263.1,4.74,25,2664.75,98.91292
35.287,7.45,262.9,4.74,25,2685.47,99.64414
35.266,7.45,262.7,4.73,25,2706.6,100.38955
35.242,7.45,262.6,4.73,25,2727.31,101.11976
35.218,7.45,262.4,4.73,25,2747.61,101.835
35.197,7.45,262.2,4.72,25,2768.35,102.56503
35.172,7.45,262,4.72,25,2789.47,103.30828
35.152,7.45,261.9,4.72,25,2810.2,104.03719
35.128,7.45,261.7,4.72,25,2830.5,104.75045
35.107,7.45,261.5,4.71,25,2851.29,105.48043
35.084,7.45,261.4,4.71,25,2872,106.20731
35.064,7.45,261.2,4.71,25,2893.11,106.94763
35.041,7.45,261.1,4.7,25,2913.06,107.64697
35.021,7.45,260.9,4.7,25,2933.78,108.37289
34.999,7.45,260.7,4.7,25,2954.89,109.11206
34.979,7.45,260.6,4.7,25,2975.59,109.8363
34.959,7.45,260.4,4.69,25,2995.89,110.54613
34.935,7.45,260.3,4.69,25,3016.63,111.27087
34.917,7.45,260.1,4.69,25,3037.73,112.00803
34.894,7.45,260,4.68,25,3058.49,112.7325
34.876,7.45,259.8,4.68,25,3079.23,113.45602
34.855,7.45,259.7,4.68,25,3099.51,114.16318
34.837,7.45,259.5,4.68,25,3120.24,114.88543
34.815,7.45,259.4,4.67,25,3141.39,115.62204
34.798,7.45,259.2,4.67,25,3162.1,116.34294
34.777,7.45,259.1,4.67,25,3182.82,117.0639
34.76,7.45,259,4.67,25,3203.12,117.76955
34.739,7.45,258.8,4.66,25,3223.87,118.49046
34.723,7.45,258.7,4.66,25,3244.15,119.1949
34.703,7.45,258.5,4.66,25,3264.87,119.9143
34.687,7.45,258.4,4.66,25,3285.6,120.63335
34.667,7.45,258.3,4.65,25,3306.77,121.36763
34.648,7.45,258.1,4.65,25,3327.51,122.08645
34.632,7.45,258,4.65,25,3348.21,122.80348
34.616,7.45,257.9,4.65,25,3368.51,123.50608
34.597,7.45,257.7,4.64,25,3389.24,124.22343
34.579,7.45,257.6,4.64,25,3410.41,124.95577
34.563,7.45,257.5,4.64,25,3431.11,125.67129
34.545,7.45,257.4,4.64,25,3451.8,126.38641
34.529,7.45,257.2,4.63,25,3472.08,127.08681
34.512,7.45,257.1,4.63,25,3492.87,127.80445
34.497,7.45,257,4.63,25,3513.59,128.51935
34.482,7.45,256.9,4.63,25,3533.9,129.21967
34.464,7.45,256.8,4.63,25,3554.6,129.93321
34.447,7.45,256.6,4.62,25,3575.39,130.64981
34.433,7.45,256.5,4.62,25,3596.56,131.37889
34.416,7.45,256.4,4.62,25,3617.28,132.09198
34.4,7.45,256.3,4.62,25,3638.02,132.80586
34.385,7.45,256.2,4.62,25,3658.33,133.50418
34.371,7.45,256.1,4.61,25,3679.05,134.21657
34.355,7.45,255.9,4.61,25,3699.76,134.92812
34.339,7.45,255.8,4.61,25,3720.89,135.65381
34.324,7.45,255.7,4.61,25,3741.61,136.36539
34.311,7.45,255.6,4.61,25,3761.59,137.05078
34.296,7.45,255.5,4.6,25,3782.7,137.77502
34.281,7.45,255.4,4.6,25,3803.4,138.48489
34.272,7.45,255.3,4.6,25,3824.11,139.19452
34.253,7.45,255.2,4.6,25,3844.42,139.89043
34.241,7.45,255.1,4.6,25,3865.23,140.603
34.226,7.45,255,4.59,25,3885.92,141.31143
34.213,7.45,254.9,4.59,25,3906.62,142.01962
34.199,7.45,254.8,4.59,25,3927.76,142.74271
34.185,7.45,254.7,4.59,25,3948.46,143.45058
34.171,7.45,254.6,4.59,25,3968.75,144.14404
34.159,7.45,254.5,4.59,25,3989.46,144.85138
34.145,7.45,254.4,4.58,25,4010.19,145.55959
34.132,7.45,254.3,4.58,25,4031.32,146.28094
34.118,7.45,254.2,4.58,25,4052.02,146.98717
34.103,7.45,254.1,4.58,25,4072.72,147.69321
34.093,7.45,254,4.58,25,4093.03,148.3857
34.079,7.45,253.9,4.57,25,4113.73,149.09149
34.067,7.45,253.8,4.57,25,4134.06,149.78404
34.053,7.45,253.7,4.57,25,4154.81,150.49072
34.04,7.45,253.6,4.57,25,4175.5,151.19536
34.027,7.45,253.5,4.57,25,4196.61,151.91376
34.016,7.45,253.4,4.57,25,4217.32,152.61819
34.002,7.45,253.3,4.56,25,4237.6,153.30794
33.991,7.45,253.2,4.56,25,4258.32,154.01254
33.978,7.45,253.1,4.56,25,4279.05,154.71696
33.966,7.45,253,4.56,25,4300.16,155.43401
33.952,7.45,252.9,4.56,25,4320.86,156.13681
33.941,7.45,252.9,4.56,25,4341.14,156.82527
33.928,7.45,252.8,4.55,25,4361.88,157.52905
33.916,7.45,252.7,4.55,25,4382.6,158.23215
33.905,7.45,252.6,4.55,25,4403.38,158.93661
33.891,7.45,252.5,4.55,25,4424.5,159.65247
33.88,7.45,252.4,4.55,25,4444.44,160.32814
33.867,7.45,252.3,4.55,25,4465.57,161.04388
33.856,7.45,252.2,4.54,25,4486.31,161.74609
33.843,7.45,252.1,4.54,25,4507.05,162.44835
33.831,7.45,252,4.54,25,4527.35,163.13528
33.819,7.45,252,4.54,25,4548.1,163.83714
33.808,7.45,251.9,4.54,25,4568.82,164.53763
33.795,7.45,251.8,4.54,25,4589.94,165.25182
33.784,7.45,251.7,4.53,25,4610.67,165.95224
33.772,7.45,251.6,4.53,25,4630.96,166.63734
33.759,7.45,251.5,4.53,25,4651.67,167.33676
33.748,7.45,251.4,4.53,25,4672.4,168.0365
33.736,7.45,251.3,4.53,25,4693.11,168.73534
33.725,7.45,251.3,4.53,25,4714.26,169.44838
33.712,7.45,251.2,4.53,25,4734.96,170.14665
33.702,7.45,251.1,4.52,25,4755.3,170.83211
33.688,7.45,251,4.52,25,4775.99,171.52919
33.677,7.45,250.9,4.52,25,4796.3,172.2135
33.664,7.45,250.8,4.52,25,4817.01,172.9108
33.654,7.45,250.7,4.52,25,4837.73,173.60825
33.642,7.45,250.6,4.52,25,4858.52,174.30757
33.631,7.45,250.6,4.51,25,4879.67,175.01894
33.617,7.45,250.4,4.51,25,4900.37,175.71503
33.61,7.45,250.4,4.51,25,4920.65,176.39655
33.594,7.45,250.3,4.51,25,4941.41,177.09416
33.584,7.45,250.2,4.51,25,4962.17,177.79144
33.571,7.45,250.1,4.51,25,4982.95,178.48918
33.56,7.45,250,4.5,25,5003.27,179.17126
33.547,7.45,249.9,4.5,25,5023.98,179.86612
33.536,7.45,249.8,4.5,25,5044.72,180.56192
33.524,7.45,249.8,4.5,25,5065.83,181.26962
33.511,7.45,249.7,4.5,25,5086.53,181.9633
33.5,7.45,249.6,4.5,25,5107.25,182.65761
33.489,7.45,249.5,4.5,25,5127.55,183.33754
33.476,7.45,249.4,4.49,25,5148.27,184.03134
33.463,7.45,249.3,4.49,25,5169,184.72519
33.452,7.45,249.2,4.49,25,5190.13,185.43224
33.439,7.45,249.1,4.49,25,5210.88,186.12607
33.427,7.45,249,4.49,25,5231.64,186.82014
33.416,7.45,248.9,4.49,25,5251.93,187.49817
33.404,7.45,248.9,4.48,25,5272.64,188.19011
33.391,7.45,248.8,4.48,25,5292.94,188.86803
33.38,7.45,248.7,4.48,25,5313.73,189.56233
33.367,7.45,248.6,4.48,25,5334.45,190.25389
33.355,7.45,248.5,4.48,25,5355.18,190.94547
33.343,7.45,248.4,4.48,25,5376.34,191.65091
33.331,7.45,248.3,4.47,25,5396.65,192.32797
33.317,7.45,248.2,4.47,25,5417.81,193.03317
33.304,7.45,248.1,4.47,25,5438.5,193.72252
33.293,7.45,248,4.47,25,5459.25,194.41339
33.28,7.45,247.9,4.47,25,5479.54,195.08879
33.269,7.45,247.9,4.47,25,5500.26,195.77835
33.255,7.45,247.7,4.46,25,5520.6,196.4548
33.243,7.45,247.7,4.46,25,5541.37,197.14543
33.23,7.45,247.6,4.46,25,5562.07,197.83319
33.218,7.45,247.5,4.46,25,5582.8,198.52199
33.204,7.45,247.4,4.46,25,5603.52,199.21017
33.192,7.45,247.3,4.46,25,5624.69,199.91295
33.179,7.45,247.2,4.45,25,5645.38,200.59964
33.167,7.45,247.1,4.45,25,5665.67,201.27242
33.153,7.45,247,4.45,25,5686.44,201.96117
33.141,7.45,246.9,4.45,25,5707.18,202.64861
33.127,7.45,246.8,4.45,25,5727.87,203.33435
33.113,7.45,246.7,4.44,25,5748.18,204.00714
33.101,7.45,246.6,4.44,25,5768.9,204.69301
33.087,7.45,246.5,4.44,25,5789.68,205.38052
33.075,7.45,246.4,4.44,25,5810.79,206.07884
33.06,7.45,246.3,4.44,25,5831.48,206.76311
33.047,7.45,246.2,4.44,25,5851.8,207.43472
33.033,7.45,246.1,4.43,25,5872.5,208.11856
33.02,7.45,246,4.43,25,5893.23,208.80341
33.006,7.45,245.9,4.43,25,5914.34,209.50044
32.993,7.45,245.8,4.43,25,5935.06,210.18422
32.977,7.45,245.7,4.43,25,5955.78,210.86745
32.965,7.45,245.6,4.42,25,5976.06,211.53609
32.95,7.45,245.5,4.42,25,5996.82,212.22021
32.939,7.45,245.4,4.42,25,6017.52,212.90242
32.922,7.45,245.3,4.42,25,6038.64,213.59776
32.906,7.45,245.1,4.42,25,6059.37,214.28
32.893,7.45,245.1,4.42,25,6079.65,214.94722
32.877,7.45,244.9,4.41,25,6100.37,215.62865
32.864,7.45,244.8,4.41,25,6121.44,216.32118
32.848,7.45,244.7,4.41,25,6142.15,217.0016
32.833,7.45,244.6,4.41,25,6162.43,217.66765
32.817,7.45,244.5,4.4,25,6182.97,218.34187
32.803,7.45,244.4,4.4,25,6203.68,219.02129
32.786,7.45,244.3,4.4,25,6224.37,219.69994
32.772,7.45,244.2,4.4,25,6245.51,220.39299
32.754,7.45,244,4.4,25,6266.22,221.07129
32.74,7.45,243.9,4.39,25,6286.95,221.75002
32.723,7.45,243.8,4.39,25,6307.24,222.41425
32.708,7.45,243.7,4.39,25,6327.98,223.09264
32.689,7.45,243.5,4.39,25,6348.68,223.76968
32.674,7.45,243.4,4.39,25,6368.98,224.43303
32.656,7.45,243.3,4.38,25,6389.74,225.11121
32.64,7.45,243.2,4.38,25,6410.48,225.78833
32.62,7.45,243,4.38,25,6431.18,226.46353
32.603,7.45,242.9,4.38,25,6452.29,227.15199
32.584,7.45,242.8,4.37,25,6473.05,227.82855
32.567,7.45,242.6,4.37,25,6493.33,228.4892
32.546,7.45,242.5,4.37,25,6514.07,229.16446
32.528,7.45,242.3,4.37,25,6534.78,229.83838
32.507,7.45,242.2,4.36,25,6555.92,230.52548
32.486,7.45,242,4.36,25,6576.69,231.20068
32.467,7.45,241.9,4.36,25,6597.39,231.87282
32.444,7.45,241.7,4.35,25,6617.67,232.53098
32.425,7.45,241.6,4.35,25,6638.43,233.20436
32.4,7.45,241.4,4.35,25,6659.2,233.87756
32.38,7.45,241.2,4.35,25,6679.89,234.54787
32.355,7.45,241,4.34,25,6700.18,235.20467
32.333,7.45,240.9,4.34,25,6720.9,235.87456
32.307,7.45,240.7,4.34,25,6741.6,236.54384
32.285,7.45,240.5,4.33,25,6762.38,237.21492
32.256,7.45,240.3,4.33,25,6783.55,237.8978
32.232,7.45,240.1,4.33,25,6804.26,238.56564
32.203,7.45,239.9,4.32,25,6825.05,239.2354
32.173,7.45,239.7,4.32,25,6844.98,239.87714
32.147,7.45,239.5,4.32,25,6866.12,240.55692
32.113,7.45,239.2,4.31,25,6886.86,241.22316
32.085,7.45,239,4.31,25,6907.55,241.88739
32.049,7.45,238.8,4.3,25,6927.84,242.53789
32.019,7.45,238.5,4.3,25,6948.59,243.20244
31.98,7.45,238.3,4.29,25,6969.3,243.86517
31.947,7.45,238,4.29,25,6990.09,244.52991
31.906,7.45,237.7,4.28,25,7010.83,245.19188
31.869,7.45,237.4,4.28,25,7031.94,245.86526
31.824,7.45,237.1,4.27,25,7052.71,246.52666
31.784,7.45,236.8,4.27,25,7073.44,247.18596
31.735,7.45,236.4,4.26,25,7093.75,247.83078
31.69,7.45,236.1,4.25,25,7114.44,248.48712
31.639,7.45,235.7,4.25,25,7135.17,249.14345
31.59,7.45,235.3,4.24,25,7155.45,249.78465
31.529,7.45,234.9,4.23,25,7176.21,250.43959
31.465,7.45,234.4,4.22,25,7196.9,251.09152
31.407,7.45,234,4.22,25,7217.65,251.74355
31.336,7.45,233.5,4.21,25,7238.75,252.40579
31.271,7.45,233,4.2,25,7259.5,253.05527
31.19,7.45,232.4,4.19,25,7280.2,253.70171
31.116,7.45,231.8,4.18,25,7300.48,254.33351
31.026,7.45,231.1,4.16,25,7321.27,254.97929
30.943,7.45,230.5,4.15,25,7341.96,255.62045
30.839,7.45,229.8,4.14,25,7363.07,256.27255
30.744,7.45,229,4.13,25,7383.76,256.90973
30.631,7.45,228.2,4.11,25,7404.54,257.54767
30.504,7.45,227.3,4.09,25,7425.24,258.18024
30.387,7.45,226.4,4.08,25,7445.54,258.79825
30.241,7.45,225.3,4.06,25,7466.29,259.42737
30.106,7.45,224.3,4.04,25,7487.08,260.05481
29.936,7.45,223,4.02,25,7507.78,260.67618
29.776,7.45,221.8,4,25,7528.05,261.28165
29.605,7.45,220.6,3.97,25,7548.81,261.89771
29.388,7.45,218.9,3.94,25,7569.58,262.51031
29.149,7.45,217.2,3.91,25,7590.34,263.11786
28.925,7.45,215.5,3.88,25,7611.04,263.71909
28.64,7.45,213.4,3.84,25,7632.16,264.32709
28.371,7.45,211.4,3.81,25,7652.89,264.91797
0.002,0,0,Inf,25,7669.54,265.35175
